%YAML:1.0
---
Flag 0: 1
TRANSFORM 0: !!opencv-matrix
   rows: 4
   cols: 4
   dt: f
   data: [ -9.91231441e-01, 1.17858522e-01, 5.97468652e-02,
       2.02879131e-01, 1.60942990e-02, 5.56475580e-01, -8.30708086e-01,
       3.69012028e-01, -1.31153688e-01, -8.22462320e-01, -5.53492844e-01,
       2.48898342e-01, 0., 0., 0., 9.99999940e-01 ]
Flag 1: 1
TRANSFORM 1: !!opencv-matrix
   rows: 4
   cols: 4
   dt: f
   data: [ -9.91329908e-01, 1.03697263e-01, 8.06966349e-02,
       1.97350636e-01, -8.88952520e-03, 5.59809148e-01, -8.28573942e-01,
       3.69291812e-01, -1.31095558e-01, -8.22107494e-01, -5.54033637e-01,
       2.48895034e-01, 0., 0., 0., 1. ]
Flag 2: 1
TRANSFORM 2: !!opencv-matrix
   rows: 4
   cols: 4
   dt: f
   data: [ -9.86536920e-01, 5.57697304e-02, 1.53735310e-01,
       1.77553058e-01, -9.55577046e-02, 5.66302598e-01, -8.18639219e-01,
       3.69416326e-01, -1.32716000e-01, -8.22308362e-01, -5.53349197e-01,
       2.48880848e-01, 0., 0., 0., 9.99999940e-01 ]
Flag 3: 1
TRANSFORM 3: !!opencv-matrix
   rows: 4
   cols: 4
   dt: f
   data: [ -9.63245213e-01, -2.20625103e-02, 2.67716080e-01,
       1.46124616e-01, -2.32377112e-01, 5.68401456e-01, -7.89253235e-01,
       3.66034150e-01, -1.34757310e-01, -8.22455525e-01, -5.52636802e-01,
       2.48848945e-01, 0., 0., 0., 1. ]
Flag 4: 1
TRANSFORM 4: !!opencv-matrix
   rows: 4
   cols: 4
   dt: f
   data: [ -9.07874227e-01, -1.20247781e-01, 4.01627749e-01,
       1.08805642e-01, -3.96823168e-01, 5.55550814e-01, -7.30681002e-01,
       3.55843306e-01, -1.35261849e-01, -8.22741628e-01, -5.52087367e-01,
       2.48794824e-01, 0., 0., 0., 1. ]
Flag 5: 1
TRANSFORM 5: !!opencv-matrix
   rows: 4
   cols: 4
   dt: f
   data: [ -8.19744825e-01, -2.21827731e-01, 5.28025448e-01,
       7.27189928e-02, -5.57163477e-01, 5.22351742e-01, -6.45536602e-01,
       3.38910699e-01, -1.32617116e-01, -8.23371768e-01, -5.51789463e-01,
       2.48723879e-01, 0., 0., 0., 1. ]
Flag 6: 1
TRANSFORM 6: !!opencv-matrix
   rows: 4
   cols: 4
   dt: f
   data: [ -7.02429414e-01, -3.13595980e-01, 6.38944864e-01,
       3.94132957e-02, -6.99546516e-01, 4.69725370e-01, -5.38509786e-01,
       3.15611035e-01, -1.31254107e-01, -8.25236738e-01, -5.49323857e-01,
       2.48638242e-01, 0., 0., 0., 1. ]
Flag 7: 1
TRANSFORM 7: !!opencv-matrix
   rows: 4
   cols: 4
   dt: f
   data: [ -5.57660758e-01, -3.96410525e-01, 7.29296327e-01,
       1.06115155e-02, -8.19532454e-01, 4.02482450e-01, -4.07890171e-01,
       2.84753025e-01, -1.31837010e-01, -8.25146377e-01, -5.49319983e-01,
       2.48536035e-01, 0., 0., 0., 1. ]
Flag 8: 1
TRANSFORM 8: !!opencv-matrix
   rows: 4
   cols: 4
   dt: f
   data: [ -3.95237267e-01, -4.65848833e-01, 7.91689575e-01,
       -1.15945460e-02, -9.09005225e-01, 3.22460949e-01, -2.64061391e-01,
       2.49530628e-01, -1.32276252e-01, -8.24016869e-01, -5.50907612e-01,
       2.48427182e-01, 0., 0., 0., 1. ]
Flag 9: 1
TRANSFORM 9: !!opencv-matrix
   rows: 4
   cols: 4
   dt: f
   data: [ -2.26293489e-01, -5.15444934e-01, 8.26503336e-01,
       -2.67974976e-02, -9.65040684e-01, 2.33836204e-01, -1.18393645e-01,
       2.12743431e-01, -1.32240996e-01, -8.24401081e-01, -5.50340950e-01,
       2.48319358e-01, 0., 0., 0., 1. ]
Flag 10: 1
TRANSFORM 10: !!opencv-matrix
   rows: 4
   cols: 4
   dt: f
   data: [ -4.58216891e-02, -5.50990820e-01, 8.33252370e-01,
       -3.46664041e-02, -9.90454078e-01, 1.33613199e-01, 3.38857286e-02,
       1.73471451e-01, -1.30004242e-01, -8.23745489e-01, -5.51853538e-01,
       2.48210356e-01, 0., 0., 0., 1. ]
Flag 11: 1
TRANSFORM 11: !!opencv-matrix
   rows: 4
   cols: 4
   dt: f
   data: [ 1.39273733e-01, -5.65364838e-01, 8.12997997e-01,
       -3.52553800e-02, -9.81666207e-01, 2.90646050e-02, 1.88379854e-01,
       1.32074237e-01, -1.30132794e-01, -8.24328840e-01, -5.50951540e-01,
       2.48101130e-01, 0., 0., 0., 1.00000012e+00 ]
Flag 12: 1
TRANSFORM 12: !!opencv-matrix
   rows: 4
   cols: 4
   dt: f
   data: [ 3.12259227e-01, -5.62907279e-01, 7.65264392e-01,
       -2.81427279e-02, -9.41071808e-01, -7.31257424e-02, 3.30206603e-01,
       9.28677246e-02, -1.29915148e-01, -8.23278844e-01, -5.52570343e-01,
       2.48003289e-01, 0., 0., 0., 1. ]
Flag 13: 1
TRANSFORM 13: !!opencv-matrix
   rows: 4
   cols: 4
   dt: f
   data: [ 4.81204540e-01, -5.39590836e-01, 6.90857410e-01,
       -1.39159691e-02, -8.67369235e-01, -1.78960443e-01, 4.64374602e-01,
       5.53098172e-02, -1.26936153e-01, -8.22687566e-01, -5.54141045e-01,
       2.47914985e-01, 0., 0., 0., 9.99999940e-01 ]
Flag 14: 1
TRANSFORM 14: !!opencv-matrix
   rows: 4
   cols: 4
   dt: f
   data: [ 6.30874515e-01, -4.94699359e-01, 5.97720563e-01,
       5.80066582e-03, -7.66149938e-01, -2.75543243e-01, 5.80594659e-01,
       2.22641602e-02, -1.22521952e-01, -8.24226022e-01, -5.52847087e-01,
       2.47842580e-01, 0., 0., 0., 1. ]
Flag 15: 1
TRANSFORM 15: !!opencv-matrix
   rows: 4
   cols: 4
   dt: f
   data: [ 7.65059948e-01, -4.37121481e-01, 4.72871870e-01,
       3.50395888e-02, -6.31398141e-01, -3.64867836e-01, 6.84257030e-01,
       -1.03824679e-02, -1.26567706e-01, -8.22068155e-01,
       -5.55143535e-01, 2.47778192e-01, 0., 0., 0., 9.99999881e-01 ]
Flag 16: 1
TRANSFORM 16: !!opencv-matrix
   rows: 4
   cols: 4
   dt: f
   data: [ 8.70893359e-01, -3.65202159e-01, 3.28895301e-01,
       7.07134530e-02, -4.71831203e-01, -4.33987230e-01, 7.67483175e-01,
       -3.65125835e-02, -1.37550145e-01, -8.23579073e-01,
       -5.50270379e-01, 2.47735679e-01, 0., 0., 0., 1. ]
Flag 17: 1
TRANSFORM 17: !!opencv-matrix
   rows: 4
   cols: 4
   dt: f
   data: [ 9.42535698e-01, -2.74356812e-01, 1.90669104e-01,
       1.03542201e-01, -3.08975935e-01, -4.98627633e-01, 8.09879243e-01,
       -5.44124916e-02, -1.27122983e-01, -8.22252333e-01,
       -5.54744005e-01, 2.47712642e-01, 0., 0., 0., 1. ]
Flag 18: 1
TRANSFORM 18: !!opencv-matrix
   rows: 4
   cols: 4
   dt: f
   data: [ 9.82310057e-01, -1.83135405e-01, 3.90957072e-02,
       1.42791897e-01, -1.33615732e-01, -5.39180696e-01, 8.31523299e-01,
       -6.64812922e-02, -1.31201684e-01, -8.22037458e-01,
       -5.54112434e-01, 2.47709677e-01, 0., 0., 0., 1. ]
Flag 19: 1
TRANSFORM 19: !!opencv-matrix
   rows: 4
   cols: 4
   dt: f
   data: [ 9.88694727e-01, -7.53055960e-02, -1.29660115e-01,
       1.87877446e-01, 6.48670420e-02, -5.64810634e-01, 8.22667122e-01,
       -7.04049841e-02, -1.35184854e-01, -8.21777344e-01,
       -5.53540468e-01, 2.47732401e-01, 0., 0., 0., 1. ]
Flag 20: 1
TRANSFORM 20: !!opencv-matrix
   rows: 4
   cols: 4
   dt: f
   data: [ 9.61176276e-01, 2.61184927e-02, -2.74696440e-01,
       2.27130264e-01, 2.40349263e-01, -5.68262458e-01, 7.86962688e-01,
       -6.67941570e-02, -1.35545403e-01, -8.22432876e-01,
       -5.52477896e-01, 2.47770652e-01, 0., 0., 0., 1. ]
Flag 21: 1
TRANSFORM 21: !!opencv-matrix
   rows: 4
   cols: 4
   dt: f
   data: [ 8.99213910e-01, 1.30545273e-01, -4.17579085e-01,
       2.67863035e-01, 4.15507227e-01, -5.53681314e-01, 7.21658289e-01,
       -5.57887144e-02, -1.36996686e-01, -8.22432339e-01,
       -5.52120507e-01, 2.47829407e-01, 0., 0., 0., 1. ]
Flag 22: 1
TRANSFORM 22: !!opencv-matrix
   rows: 4
   cols: 4
   dt: f
   data: [ 8.06729078e-01, 2.31216088e-01, -5.43808401e-01,
       3.03358018e-01, 5.75538218e-01, -5.16055882e-01, 6.34383380e-01,
       -3.76504958e-02, -1.33955851e-01, -8.24757934e-01,
       -5.49390852e-01, 2.47903109e-01, 0., 0., 0., 1. ]
Flag 23: 1
TRANSFORM 23: !!opencv-matrix
   rows: 4
   cols: 4
   dt: f
   data: [ 6.85553908e-01, 3.23252887e-01, -6.52321577e-01,
       3.35936815e-01, 7.16030896e-01, -4.61336851e-01, 5.23896992e-01,
       -1.33237690e-02, -1.31588772e-01, -8.26242030e-01,
       -5.47730327e-01, 2.47990921e-01, 0., 0., 0., 1. ]
Flag 24: 1
TRANSFORM 24: !!opencv-matrix
   rows: 4
   cols: 4
   dt: f
   data: [ 5.40956736e-01, 4.04097408e-01, -7.37611651e-01,
       3.63586277e-01, 8.30587745e-01, -3.94582152e-01, 3.92974257e-01,
