TRANSFORM
1
-0.991231 0.117859 0.0597469 0.202879 
0.0160943 0.556476 -0.830708 0.369012 
-0.131154 -0.822462 -0.553493 0.248898 
0 -0 0 1 

TRANSFORM
1
-0.99133 0.103697 0.0806966 0.197351 
-0.00888953 0.559809 -0.828574 0.369292 
-0.131096 -0.822107 -0.554034 0.248895 
0 0 -0 1 

TRANSFORM
1
-0.986537 0.0557697 0.153735 0.177553 
-0.0955577 0.566303 -0.818639 0.369416 
-0.132716 -0.822308 -0.553349 0.248881 
0 0 -0 1 

TRANSFORM
1
-0.963245 -0.0220625 0.267716 0.146125 
-0.232377 0.568401 -0.789253 0.366034 
-0.134757 -0.822456 -0.552637 0.248849 
0 0 -0 1 

TRANSFORM
1
-0.907874 -0.120248 0.401628 0.108806 
-0.396823 0.555551 -0.730681 0.355843 
-0.135262 -0.822742 -0.552087 0.248795 
0 0 -0 1 

TRANSFORM
1
-0.819745 -0.221828 0.528025 0.072719 
-0.557163 0.522352 -0.645537 0.338911 
-0.132617 -0.823372 -0.551789 0.248724 
0 0 -0 1 

TRANSFORM
1
-0.702429 -0.313596 0.638945 0.0394133 
-0.699547 0.469725 -0.53851 0.315611 
-0.131254 -0.825237 -0.549324 0.248638 
0 0 -0 1 

TRANSFORM
1
-0.557661 -0.396411 0.729296 0.0106115 
-0.819532 0.402482 -0.40789 0.284753 
-0.131837 -0.825146 -0.54932 0.248536 
0 0 -0 1 

TRANSFORM
1
-0.395237 -0.465849 0.79169 -0.0115945 
-0.909005 0.322461 -0.264061 0.249531 
-0.132276 -0.824017 -0.550908 0.248427 
0 0 -0 1 

TRANSFORM
1
-0.226293 -0.515445 0.826503 -0.0267975 
-0.965041 0.233836 -0.118394 0.212743 
-0.132241 -0.824401 -0.550341 0.248319 
0 0 -0 1 

TRANSFORM
1
-0.0458217 -0.550991 0.833252 -0.0346664 
-0.990454 0.133613 0.0338857 0.173471 
-0.130004 -0.823745 -0.551854 0.24821 
0 0 -0 1 

TRANSFORM
1
0.139274 -0.565365 0.812998 -0.0352554 
-0.981666 0.0290646 0.18838 0.132074 
-0.130133 -0.824329 -0.550952 0.248101 
0 0 -0 1 

TRANSFORM
1
0.312259 -0.562907 0.765264 -0.0281427 
-0.941072 -0.0731257 0.330207 0.0928677 
-0.129915 -0.823279 -0.55257 0.248003 
0 0 -0 1 

TRANSFORM
1
0.481205 -0.539591 0.690857 -0.013916 
-0.867369 -0.17896 0.464375 0.0553098 
-0.126936 -0.822688 -0.554141 0.247915 
0 0 -0 1 

TRANSFORM
1
0.630875 -0.494699 0.597721 0.00580067 
-0.76615 -0.275543 0.580595 0.0222642 
-0.122522 -0.824226 -0.552847 0.247843 
0 0 -0 1 

TRANSFORM
1
0.76506 -0.437121 0.472872 0.0350396 
-0.631398 -0.364868 0.684257 -0.0103825 
-0.126568 -0.822068 -0.555144 0.247778 
0 0 -0 1 

TRANSFORM
1
0.870893 -0.365202 0.328895 0.0707135 
-0.471831 -0.433987 0.767483 -0.0365126 
-0.13755 -0.823579 -0.55027 0.247736 
0 0 -0 1 

TRANSFORM
1
0.942536 -0.274357 0.190669 0.103542 
-0.308976 -0.498628 0.809879 -0.0544125 
-0.127123 -0.822252 -0.554744 0.247713 
0 0 -0 1 

TRANSFORM
1
0.98231 -0.183135 0.0390957 0.142792 
-0.133616 -0.539181 0.831523 -0.0664813 
-0.131202 -0.822037 -0.554112 0.24771 
0 0 -0 1 

TRANSFORM
1
0.988695 -0.0753056 -0.12966 0.187877 
0.064867 -0.564811 0.822667 -0.070405 
-0.135185 -0.821777 -0.55354 0.247732 
-0 0 -0 1 

TRANSFORM
1
0.961176 0.0261185 -0.274696 0.22713 
0.240349 -0.568262 0.786963 -0.0667942 
-0.135545 -0.822433 -0.552478 0.247771 
-0 0 0 1 

TRANSFORM
1
0.899214 0.130545 -0.417579 0.267863 
0.415507 -0.553681 0.721658 -0.0557887 
-0.136997 -0.822432 -0.552121 0.247829 
-0 0 0 1 

TRANSFORM
1
0.806729 0.231216 -0.543808 0.303358 
0.575538 -0.516056 0.634383 -0.0376505 
-0.133956 -0.824758 -0.549391 0.247903 
-0 0 0 1 

TRANSFORM
1
0.685554 0.323253 -0.652322 0.335937 
0.716031 -0.461337 0.523897 -0.0133238 
-0.131589 -0.826242 -0.54773 0.247991 
-0 0 0 1 

TRANSFORM
1
0.540957 0.404097 -0.737612 0.363586 
0.830588 -0.394582 0.392974 0.0175881 
-0.132249 -0.825233 -0.54909 0.248092 
-0 0 0 1 

TRANSFORM
1
0.382132 0.468869 -0.796327 0.384596 
0.914443 -0.316156 0.252663 0.052201 
-0.133298 -0.824747 -0.549568 0.248199 
-0 0 0 1 

TRANSFORM
1
0.204821 0.521188 -0.8285 0.398985 
0.969575 -0.223967 0.0988057 0.0913772 
-0.13406 -0.82353 -0.551204 0.248312 
-0 0 0 1 

TRANSFORM
1
0.0310185 0.553192 -0.832476 0.406162 
0.990788 -0.126859 -0.0473821 0.129038 
-0.131818 -0.823338 -0.552032 0.248417 
0 0 0 1 

TRANSFORM
1
-0.151102 0.568337 -0.808802 0.405946 
0.980045 -0.0207666 -0.197686 0.168972 
-0.129149 -0.822534 -0.553858 0.248521 
0 -0 0 1 

TRANSFORM
1
-0.328487 0.562105 -0.759035 0.398315 
0.93618 0.0872854 -0.340511 0.207821 
-0.12515 -0.822447 -0.554904 0.248618 
0 -0 0 1 

TRANSFORM
1
-0.489556 0.537705 -0.686446 0.384679 
0.863079 0.186661 -0.469311 0.244365 
-0.124218 -0.822211 -0.555463 0.248704 
0 -0 0 1 

TRANSFORM
1
-0.64281 0.493287 -0.586057 0.362766 
0.755438 0.281461 -0.591687 0.280696 
-0.126919 -0.823072 -0.553574 0.248783 
0 -0 0 1 

TRANSFORM
1
-0.770313 0.432139 -0.468907 0.336676 
0.625738 0.370699 -0.68632 0.309493 
-0.122763 -0.822094 -0.55596 0.24884 
0 -0 0 1 

TRANSFORM
1
-0.874584 0.356357 -0.328805 0.302539 
0.468051 0.443394 -0.764415 0.336139 
-0.126614 -0.822442 -0.554578 0.248885 
0 -0 0 1 

TRANSFORM
1
-0.945905 0.269022 -0.181357 0.265817 
0.298506 0.502632 -0.811329 0.354094 
-0.127109 -0.821577 -0.555747 0.248905 
0 -0 0 1 

TRANSFORM
1
-0.978813 0.195635 -0.060429 0.234369 
0.158088 0.534501 -0.830251 0.364119 
-0.130127 -0.822214 -0.554104 0.248909 
0 -0 0 1 

