Flag 0: 1
TRANSFORM 0: 
   rows: 4
   cols: 4
   dt: f
   data: [ 9.62520599e-01, 1.48022234e-01, -2.27251664e-01,
       2.76679575e-01, 2.70913959e-01, -5.63787103e-01, 7.80224085e-01,
       -1.17234126e-01, -1.26310494e-02, -8.12547445e-01,
       -5.82758009e-01, 2.28762880e-01, 0., 0., 0., 1. ]
Flag 1: 1
TRANSFORM 1: 
   rows: 4
   cols: 4
   dt: f
   data: [ 8.99253190e-01, 2.42710754e-01, -3.63916397e-01,
       3.20336074e-01, 4.37148869e-01, -5.28380513e-01, 7.27815151e-01,
       -9.74618942e-02, -1.56377703e-02, -8.13575745e-01,
       -5.81248581e-01, 2.28337720e-01, 0., 0., 0., 1. ]
Flag 2: 1
TRANSFORM 2: 
   rows: 4
   cols: 4
   dt: f
   data: [ 8.10450435e-01, 3.30212712e-01, -4.83869374e-01,
       3.57806355e-01, 5.85616410e-01, -4.77769315e-01, 6.54820502e-01,
       -7.10968077e-02, -1.49478763e-02, -8.14061463e-01,
       -5.80586433e-01, 2.27925852e-01, 0., 0., 0., 1. ]
Flag 3: 1
TRANSFORM 3: 
   rows: 4
   cols: 4
   dt: f
   data: [ 6.95168316e-01, 4.07222211e-01, -5.92377484e-01,
       3.91259640e-01, 7.18671322e-01, -4.11929905e-01, 5.60201108e-01,
       -3.81735489e-02, -1.58916712e-02, -8.15158784e-01,
       -5.79019606e-01, 2.27511227e-01, 0., 0., 0., 1. ]
Flag 4: 1
TRANSFORM 4: 
   rows: 4
   cols: 4
   dt: f
   data: [ 5.62922180e-01, 4.71220613e-01, -6.79021180e-01,
       4.17316765e-01, 8.26376319e-01, -3.35659176e-01, 4.52144980e-01,
       -1.32850336e-03, -1.48596466e-02, -8.15649450e-01,
       -5.78355551e-01, 2.27132261e-01, 0., 0., 0., 1. ]
Flag 5: 1
TRANSFORM 5: 
   rows: 4
   cols: 4
   dt: f
   data: [ 4.10571098e-01, 5.20356357e-01, -7.48772681e-01,
       4.37661886e-01, 9.11717892e-01, -2.47067258e-01, 3.28219771e-01,
       4.02817652e-02, -1.42059475e-02, -8.17427039e-01, -5.75856924e-01,
       2.26772234e-01, 0., 0., 0., 1. ]
Flag 6: 1
TRANSFORM 6: 
   rows: 4
   cols: 4
   dt: f
   data: [ 2.46204793e-01, 5.54406822e-01, -7.94994473e-01,
       4.50268328e-01, 9.69119132e-01, -1.52525961e-01, 1.93762764e-01,
       8.49125236e-02, -1.38338953e-02, -8.18149686e-01, -5.74838817e-01,
       2.26454899e-01, 0., 0., 0., 1. ]
Flag 7: 1
TRANSFORM 7: 
   rows: 4
   cols: 4
   dt: f
   data: [ 7.46562704e-02, 5.70308030e-01, -8.18031311e-01,
       4.54951912e-01, 9.97120738e-01, -5.36283441e-02, 5.36124185e-02,
       1.31092682e-01, -1.32940654e-02, -8.19678485e-01, -5.72669685e-01,
       2.26189107e-01, 0., 0., 0., 1. ]
Flag 8: 1
TRANSFORM 8: 
   rows: 4
   cols: 4
   dt: f
   data: [ -9.83120501e-02, 5.70145905e-01, -8.15639913e-01,
       4.51622218e-01, 9.95097995e-01, 4.75002080e-02, -8.67393538e-02,
       1.76722631e-01, -1.07110180e-02, -8.20169091e-01, -5.72020888e-01,
       2.25985900e-01, 0., 0., 0., 1. ]
Flag 9: 1
TRANSFORM 9: 
   rows: 4
   cols: 4
   dt: f
   data: [ -2.67808110e-01, 5.52602291e-01, -7.89246202e-01,
       4.40426677e-01, 9.63432193e-01, 1.46122485e-01, -2.24603355e-01,
       2.21223101e-01, -8.78969580e-03, -8.20535839e-01, -5.71527541e-01,
       2.25847155e-01, 0., 0., 0., 1. ]
Flag 10: 1
TRANSFORM 10: 
   rows: 4
   cols: 4
   dt: f
   data: [ -4.30259824e-01, 5.19640684e-01, -7.38139510e-01,
       4.21365649e-01, 9.02674794e-01, 2.40981072e-01, -3.56519580e-01,
       2.63378918e-01, -7.38443434e-03, -8.19696069e-01, -5.72751105e-01,
       2.25778878e-01, 0., 0., 0., 1. ]
Flag 11: 1
TRANSFORM 11: 
   rows: 4
   cols: 4
   dt: f
   data: [ -5.81341922e-01, 4.69631970e-01, -6.64445162e-01,
       3.95228773e-01, 8.13633084e-01, 3.28969270e-01, -4.79354143e-01,
       3.02239984e-01, -6.53800368e-03, -8.19283247e-01, -5.73351741e-01,
       2.25779966e-01, 0., 0., 0., 1. ]
Flag 12: 1
TRANSFORM 12: 
   rows: 4
   cols: 4
   dt: f
   data: [ -7.14014232e-01, 4.04119879e-01, -5.71726263e-01,
       3.62945884e-01, 7.00115204e-01, 4.06606674e-01, -5.86949468e-01,
       3.35694075e-01, -4.73023951e-03, -8.19364548e-01, -5.73253393e-01,
       2.25854069e-01, 0., 0., 0., 1. ]
Flag 13: 1
TRANSFORM 13: 
   rows: 4
   cols: 4
   dt: f
   data: [ -8.25361907e-01, 3.27938586e-01, -4.59602058e-01,
       3.24588418e-01, 5.64594984e-01, 4.74767923e-01, -6.75150275e-01,
       3.62420589e-01, -3.20354104e-03, -8.16732347e-01, -5.77007830e-01,
       2.26007134e-01, 0., 0., 0., 1. ]
Flag 14: 1
TRANSFORM 14: 
   rows: 4
   cols: 4
   dt: f
   data: [ -9.11474109e-01, 2.39795417e-01, -3.34235072e-01,
       2.82187730e-01, 4.11336601e-01, 5.23120105e-01, -7.46423185e-01,
       3.83458883e-01, -4.14377451e-03, -8.17828596e-01, -5.75446963e-01,
       2.26218954e-01, 0., 0., 0., 1. ]
Flag 15: 1
TRANSFORM 15: 
   rows: 4
   cols: 4
   dt: f
   data: [ -9.69242930e-01, 1.43788785e-01, -1.99732080e-01,
       2.37296075e-01, 2.46090382e-01, 5.57134628e-01, -7.93120742e-01,
       3.96074861e-01, -2.76420265e-03, -8.17878783e-01, -5.75383842e-01,
       2.26491496e-01, 0., 0., 0., 1. ]
Flag 16: 1
TRANSFORM 16: 
   rows: 4
   cols: 4
   dt: f
   data: [ -9.97305870e-01, 4.46707346e-02, -5.81846610e-02,
       1.90482914e-01, 7.32925758e-02, 5.74142575e-01, -8.15468252e-01,
       4.00685400e-01, -3.02127004e-03, -8.17535877e-01, -5.75869799e-01,
       2.26818398e-01, 0., 0., 0., 1. ]
Flag 17: 1
TRANSFORM 17: 
   rows: 4
   cols: 4
   dt: f
   data: [ -9.94680762e-01, -5.72325587e-02, 8.56425017e-02,
       1.43525645e-01, -1.02976657e-01, 5.72301865e-01, -8.13551724e-01,
       3.97294879e-01, -2.45171040e-03, -8.18043411e-01, -5.75151265e-01,
       2.27186412e-01, 0., 0., 0., 1. ]
Flag 18: 1
TRANSFORM 18: 
   rows: 4
   cols: 4
   dt: f
   data: [ -9.61956024e-01, -1.56293809e-01, 2.24082306e-01,
       9.88141820e-02, -2.73198515e-01, 5.55676758e-01, -7.85229862e-01,
       3.85287225e-01, -1.79076195e-03, -8.16575587e-01, -5.77235818e-01,
       2.27580652e-01, 0., 0., 0., 1. ]
Flag 19: 1
TRANSFORM 19: 
   rows: 4
   cols: 4
   dt: f
   data: [ -8.99411440e-01, -2.50388592e-01, 3.58280003e-01,
       5.59150204e-02, -4.37090456e-01, 5.21405280e-01, -7.32863188e-01,
       3.65272671e-01, -3.30851972e-03, -8.15746307e-01, -5.78400373e-01,
       2.28001386e-01, 0., 0., 0., 1. ]
Flag 20: 1
TRANSFORM 20: 
   rows: 4
   cols: 4
   dt: f
   data: [ -8.10311794e-01, -3.38441730e-01, 4.78384823e-01,
       1.83736384e-02, -5.85996866e-01, 4.70195860e-01, -6.59942091e-01,
       3.38971704e-01, -1.58262253e-03, -8.15090775e-01, -5.79331040e-01,
       2.28413507e-01, 0., 0., 0., 1. ]
Flag 21: 1
TRANSFORM 21: 
   rows: 4
   cols: 4
   dt: f
   data: [ -6.96477115e-01, -4.16507453e-01, 5.84329844e-01,
       -1.42406244e-02, -7.17576742e-01, 4.06353772e-01, -5.65650403e-01,
       3.05917829e-01, -1.84699916e-03, -8.13264072e-01, -5.81892073e-01,
       2.28822500e-01, 0., 0., 0., 1. ]
Flag 22: 1
TRANSFORM 22: 
   rows: 4
   cols: 4
   dt: f
   data: [ -5.62012076e-01, -4.82026428e-01, 6.72155499e-01,
       -4.05961946e-02, -8.27128649e-01, 3.28329921e-01, -4.56133455e-01,
       2.68487424e-01, -8.20398331e-04, -8.12311530e-01, -5.83223283e-01,
       2.29206607e-01, 0., 0., 0., 1. ]
Flag 23: 1
TRANSFORM 23: 
   rows: 4
   cols: 4
   dt: f
   data: [ -4.09281552e-01, -5.32718360e-01, 7.40742803e-01,
       -6.04767390e-02, -9.12406445e-01, 2.40562513e-01, -3.31125766e-01,
       2.26432100e-01, -1.79816806e-03, -8.11382174e-01, -5.84513485e-01,
       2.29565427e-01, 0., 0., 0., 1. ]
Flag 24: 1
TRANSFORM 24: 
   rows: 4
   cols: 4
   dt: f
   data: [ -2.43515193e-01, -5.68341494e-01, 7.85931528e-01,
       -7.24193528e-02, -9.69889641e-01, 1.45872474e-01, -1.95026517e-01,
       1.81143284e-01, -3.80410999e-03, -8.09758723e-01, -5.86750686e-01,
       2.29881063e-01, 0., 0., 0., 1. ]
Flag 25: 1
TRANSFORM 25: 
   rows: 4
   cols: 4
   dt: f
   data: [ -7.26584569e-02, -5.83665609e-01, 8.08736742e-01,
       -7.73086846e-02, -9.97354746e-01, 4.41888198e-02, -5.77131659e-02,
       1.36033684e-01, -2.05193087e-03, -8.10790837e-01, -5.85332334e-01,
       2.30143130e-01, 0., 0., 0., 1. ]
Flag 26: 1
TRANSFORM 26: 
   rows: 4
   cols: 4
   dt: f
   data: [ 1.00439951e-01, -5.82360804e-01, 8.06701779e-01,
       -7.44344071e-02, -9.94943142e-01, -5.88623807e-02, 8.13843384e-02,
       9.08256397e-02, 8.93324614e-05, -8.10796559e-01, -5.85328043e-01,
       2.30347574e-01, 0., 0., 0., 1. ]
Flag 27: 1
TRANSFORM 27: 
   rows: 4
   cols: 4
   dt: f
   data: [ 2.69185960e-01, -5.63702106e-01, 7.80883312e-01,
       -6.30042478e-02, -9.63088095e-01, -1.57165036e-01, 2.18541637e-01,
       4.65135500e-02, -4.64819372e-04, -8.10887814e-01, -5.85201383e-01,
       2.30483666e-01, 0., 0., 0., 1. ]
Flag 28: 1
TRANSFORM 28: 
   rows: 4
   cols: 4
   dt: f
   data: [ 4.32112277e-01, -5.29362142e-01, 7.30105937e-01,
       -4.40478884e-02, -9.01819348e-01, -2.52838135e-01, 3.50420773e-01,
       4.44691861e-03, -9.00864601e-04, -8.09844732e-01, -5.86643517e-01,
       2.30552182e-01, 0., 0., 0., 1. ]
Flag 29: 1
TRANSFORM 29: 
   rows: 4
   cols: 4
   dt: f
   data: [ 5.83871961e-01, -4.78670955e-01, 6.55719221e-01,
       -1.73879061e-02, -8.11841011e-01, -3.41493011e-01, 4.73599702e-01,
       -3.44125740e-02, -2.77489424e-03, -8.08861375e-01,
       -5.87992907e-01, 2.30547085e-01, 0., 0., 0., 1. ]
Flag 30: 1
TRANSFORM 30: 
   rows: 4
   cols: 4
   dt: f
   data: [ 7.15666473e-01, -4.13064361e-01, 5.63204467e-01,
       1.48604661e-02, -6.98429704e-01, -4.18414176e-01, 5.80625117e-01,
       -6.76137060e-02, -4.18281555e-03, -8.08892727e-01,
       -5.87941408e-01, 2.30471984e-01, 0., 0., 0., 1. ]
Flag 31: 1
TRANSFORM 31: 
   rows: 4
   cols: 4
   dt: f
   data: [ 8.27767730e-01, -3.34260285e-01, 4.50633645e-01,
       5.34090661e-02, -5.61036587e-01, -4.84223753e-01, 6.71390593e-01,
       -9.50814113e-02, -6.21169806e-03, -8.08577418e-01,
       -5.88356972e-01, 2.30321094e-01, 0., 0., 0., 1. ]
Flag 32: 1
TRANSFORM 32: 
   rows: 4
   cols: 4
   dt: f
   data: [ 9.12209868e-01, -2.49163330e-01, 3.25254738e-01,
       9.56819430e-02, -4.09567416e-01, -5.32645643e-01, 7.40636945e-01,
       -1.15608327e-01, -1.12940520e-02, -8.08830202e-01,
       -5.87933838e-01, 2.30107665e-01, 0., 0., 0., 1. ]
Flag 33: 1
TRANSFORM 33: 
   rows: 4
   cols: 4
   dt: f
   data: [ 9.70133543e-01, -1.51422352e-01, 1.89504489e-01,
       1.41114876e-01, -2.42302686e-01, -5.68191111e-01, 7.86414683e-01,
       -1.27472579e-01, -1.14059960e-02, -8.08844805e-01,
       -5.87911367e-01, 2.29827359e-01, 0., 0., 0., 1. ]
Flag 34: 1
TRANSFORM 34: 
   rows: 4
   cols: 4
   dt: f
   data: [ 9.97482717e-01, -5.05265631e-02, 4.97528017e-02,
       1.87074617e-01, -6.99339285e-02, -5.84928215e-01, 8.08064520e-01,
       -1.31658852e-01, -1.17269028e-02, -8.09509814e-01,
       -5.86989343e-01, 2.29504749e-01, 0., 0., 0., 1. ]
Flag 35: 1
TRANSFORM 35: 
   rows: 4
   cols: 4
   dt: f
   data: [ 9.94386017e-01, 5.00451326e-02, -9.32306647e-02,
       2.33652577e-01, 1.04880996e-01, -5.82865834e-01, 8.05771291e-01,
       -1.28082812e-01, -1.40160397e-02, -8.11025858e-01,
       -5.84842443e-01, 2.29138732e-01, 0., 0., 0., 1. ]
