Flag 0: 1
TRANSFORM 0: 
   rows: 4
   cols: 4
   dt: f
   data: [ 3.29997748e-01, 5.29059052e-01, -7.81791687e-01,
       4.26096857e-01, 9.43849802e-01, -1.71074390e-01, 2.82632679e-01,
       9.10110846e-02, 1.57848243e-02, -8.31162035e-01, -5.55806398e-01,
       2.55828023e-01, 0., 0., 0., 1.00000012e+00 ]
Flag 1: 1
TRANSFORM 1: 
   rows: 4
   cols: 4
   dt: f
   data: [ 1.02590218e-01, 5.52111208e-01, -8.27434838e-01,
       4.33810055e-01, 9.94567156e-01, -4.21759561e-02, 9.51700807e-02,
       1.51005030e-01, 1.76466145e-02, -8.32703054e-01, -5.53438544e-01,
       2.55603224e-01, 0., 0., 0., 1. ]
Flag 2: 1
TRANSFORM 2: 
   rows: 4
   cols: 4
   dt: f
   data: [ -1.54350773e-01, 5.35929441e-01, -8.30033422e-01,
       4.28277791e-01, 9.87774730e-01, 1.02275610e-01, -1.17647395e-01,
       2.17471465e-01, 2.18414702e-02, -8.38044941e-01, -5.45163870e-01,
       2.55368054e-01, 0., 0., 0., 1. ]
Flag 3: 1
TRANSFORM 3: 
   rows: 4
   cols: 4
   dt: f
   data: [ -4.01956230e-01, 4.91437733e-01, -7.72606075e-01,
       4.02913183e-01, 9.15339947e-01, 2.37924919e-01, -3.24876189e-01,
       2.80443043e-01, 2.41658352e-02, -8.37783217e-01, -5.45467973e-01,
       2.55164981e-01, 0., 0., 0., 1. ]
Flag 4: 1
TRANSFORM 4: 
   rows: 4
   cols: 4
   dt: f
   data: [ -6.24506712e-01, 4.12956119e-01, -6.62916780e-01,
       3.62236649e-01, 7.80601084e-01, 3.57800692e-01, -5.12484670e-01,
       3.35814923e-01, 2.55583990e-02, -8.37523699e-01, -5.45802951e-01,
       2.55004466e-01, 0., 0., 0., 1.00000012e+00 ]
Flag 5: 1
TRANSFORM 5: 
   rows: 4
   cols: 4
   dt: f
   data: [ -8.05672109e-01, 3.07264000e-01, -5.06440043e-01,
       3.07488114e-01, 5.91850281e-01, 4.53075230e-01, -6.66660488e-01,
       3.79045248e-01, 2.46146750e-02, -8.36846352e-01, -5.46884239e-01,
       2.54901737e-01, 0., 0., 0., 1. ]
Flag 6: 1
TRANSFORM 6: 
   rows: 4
   cols: 4
   dt: f
   data: [ -9.27985609e-01, 1.82943538e-01, -3.24614227e-01,
       2.46776268e-01, 3.71697634e-01, 5.15619695e-01, -7.71995604e-01,
       4.06008124e-01, 2.61458792e-02, -8.37059140e-01, -5.46487331e-01,
       2.54863799e-01, 0., 0., 0., 1. ]
Flag 7: 1
TRANSFORM 7: 
   rows: 4
   cols: 4
   dt: f
   data: [ -9.92561221e-01, 4.38042693e-02, -1.13592885e-01,
       1.78237632e-01, 1.19003944e-01, 5.45996070e-01, -8.29292715e-01,
       4.16571051e-01, 2.56947018e-02, -8.36641788e-01, -5.47147393e-01,
       2.54892915e-01, 0., 0., 0., 1. ]
Flag 8: 1
TRANSFORM 8: 
   rows: 4
   cols: 4
   dt: f
   data: [ -9.88577783e-01, -1.03728674e-01, 1.09335989e-01,
       1.08261235e-01, -1.48249760e-01, 5.38693011e-01, -8.29356313e-01,
       4.08744514e-01, 2.71294918e-02, -8.36092234e-01, -5.47917724e-01,
       2.54990011e-01, 0., 0., 0., 1. ]
Flag 9: 1
TRANSFORM 9: 
   rows: 4
   cols: 4
   dt: f
   data: [ -9.16257620e-01, -2.39493132e-01, 3.21115285e-01,
       4.34259623e-02, -3.99724394e-01, 4.93947834e-01, -7.72163153e-01,
       3.83371592e-01, 2.63135675e-02, -8.35857987e-01, -5.48314691e-01,
       2.55145609e-01, 0., 0., 0., 9.99999940e-01 ]
Flag 10: 1
TRANSFORM 10: 
   rows: 4
   cols: 4
   dt: f
   data: [ -7.82518983e-01, -3.59592766e-01, 5.08288562e-01,
       -1.16697280e-02, -6.22024655e-01, 4.15602326e-01, -6.63596511e-01,
       3.42964739e-01, 2.73785964e-02, -8.35444748e-01, -5.48892200e-01,
       2.55346060e-01, 0., 0., 0., 1. ]
Flag 11: 1
TRANSFORM 11: 
   rows: 4
   cols: 4
   dt: f
   data: [ -6.02272034e-01, -4.53814238e-01, 6.56750321e-01,
       -5.32242358e-02, -7.97808170e-01, 3.13568234e-01, -5.14953494e-01,
       2.90835589e-01, 2.77571566e-02, -8.34102869e-01, -5.50910115e-01,
       2.55575627e-01, 0., 0., 0., 1. ]
Flag 12: 1
TRANSFORM 12: 
   rows: 4
   cols: 4
   dt: f
   data: [ -3.75608772e-01, -5.19167662e-01, 7.67712951e-01,
       -8.18190351e-02, -9.26370740e-01, 1.85749784e-01, -3.27619404e-01,
       2.28224933e-01, 2.74868794e-02, -8.34243476e-01, -5.50710917e-01,
       2.55830437e-01, 0., 0., 0., 1. ]
Flag 13: 1
TRANSFORM 13: 
   rows: 4
   cols: 4
   dt: f
   data: [ -1.32759064e-01, -5.47969580e-01, 8.25896204e-01,
       -9.31464806e-02, -9.90740836e-01, 4.94725928e-02, -1.26432776e-01,
       1.63013890e-01, 2.84220856e-02, -8.35034132e-01, -5.49463749e-01,
       2.56077677e-01, 0., 0., 0., 1. ]
Flag 14: 1
TRANSFORM 14: 
   rows: 4
   cols: 4
   dt: f
   data: [ 1.24093324e-01, -5.40405691e-01, 8.32203329e-01,
       -8.77158940e-02, -9.91842568e-01, -9.21814367e-02, 8.80381912e-02,
       9.53510925e-02, 2.91373711e-02, -8.36339712e-01, -5.47436476e-01,
       2.56317317e-01, 0., 0., 0., 1. ]
Flag 15: 1
TRANSFORM 15: 
   rows: 4
   cols: 4
   dt: f
   data: [ 3.67448330e-01, -5.01206994e-01, 7.83436954e-01,
       -6.55588135e-02, -9.29578602e-01, -2.24567577e-01, 2.92323828e-01,
       3.27930823e-02, 2.94197649e-02, -8.35680008e-01, -5.48428237e-01,
       2.56522059e-01, 0., 0., 0., 1. ]
Flag 16: 1
TRANSFORM 16: 
   rows: 4
   cols: 4
   dt: f
   data: [ 5.96283913e-01, -4.27361369e-01, 6.79564536e-01,
       -2.61487458e-02, -8.02292287e-01, -3.46559882e-01, 4.86028403e-01,
       -2.47829743e-02, 2.78000310e-02, -8.35020185e-01, -5.49516737e-01,
       2.56691754e-01, 0., 0., 0., 1.00000012e+00 ]
Flag 17: 1
TRANSFORM 17: 
   rows: 4
   cols: 4
   dt: f
   data: [ 7.78923452e-01, -3.28846782e-01, 5.33983350e-01,
       2.53334288e-02, -6.26553595e-01, -4.44236130e-01, 6.40378773e-01,
       -6.83099180e-02, 2.66282093e-02, -8.33375156e-01, -5.52066028e-01,
       2.56798744e-01, 0., 0., 0., 1. ]
Flag 18: 1
TRANSFORM 18: 
   rows: 4
   cols: 4
   dt: f
   data: [ 9.14381742e-01, -2.03876883e-01, 3.49771768e-01,
       8.72113630e-02, -4.04012740e-01, -5.15149713e-01, 7.55906463e-01,
       -9.84245315e-02, 2.60729734e-02, -8.32499266e-01, -5.53412378e-01,
       2.56846964e-01, 0., 0., 0., 1. ]
Flag 19: 1
TRANSFORM 19: 
   rows: 4
   cols: 4
   dt: f
   data: [ 9.86165464e-01, -6.89065829e-02, 1.50763884e-01,
       1.51979148e-01, -1.63692117e-01, -5.48179984e-01, 8.20185184e-01,
       -1.11443378e-01, 2.61295848e-02, -8.33517075e-01, -5.51875591e-01,
       2.56830454e-01, 0., 0., 0., 1. ]
Flag 20: 1
TRANSFORM 20: 
   rows: 4
   cols: 4
   dt: f
   data: [ 9.94891465e-01, 7.45491162e-02, -6.80677742e-02,
       2.21287578e-01, 9.78914127e-02, -5.47745228e-01, 8.30898464e-01,
       -1.07254609e-01, 2.46589538e-02, -8.33317161e-01, -5.52244723e-01,
       2.56747156e-01, 0., 0., 0., 9.99999881e-01 ]
Flag 21: 1
TRANSFORM 21: 
   rows: 4
   cols: 4
   dt: f
   data: [ 9.33076560e-01, 2.16015339e-01, -2.87585676e-01,
       2.88768739e-01, 3.58969927e-01, -5.09144306e-01, 7.82248497e-01,
       -8.41048732e-02, 2.25550681e-02, -8.33132327e-01, -5.52613556e-01,
       2.56597012e-01, 0., 0., 0., 1. ]
Flag 22: 1
TRANSFORM 22: 
   rows: 4
   cols: 4
   dt: f
   data: [ 8.09363902e-01, 3.40988845e-01, -4.78180856e-01,
       3.44878674e-01, 5.86861491e-01, -4.37825263e-01, 6.81104124e-01,
       -4.54900935e-02, 2.28892528e-02, -8.31886947e-01, -5.54473102e-01,
       2.56402075e-01, 0., 0., 0., 1. ]
Flag 23: 1
TRANSFORM 23: 
   rows: 4
   cols: 4
   dt: f
   data: [ 6.42701268e-01, 4.35730815e-01, -6.30138040e-01,
       3.87908608e-01, 7.65869856e-01, -3.44526649e-01, 5.42904198e-01,
       3.59028531e-03, 1.94607079e-02, -8.31528842e-01, -5.55140734e-01,
       2.56182075e-01, 0., 0., 0., 1. ]
