%YAML:1.0
---
Flag 0: 1
TRANSFORM 0:
   rows: 4
   cols: 4
   dt: f
   data: [ 8.46806049e-01, 3.37500751e-01, -4.11111534e-01,
       3.75091970e-01, 5.31872809e-01, -5.29225290e-01, 6.61083877e-01,
       -1.63367987e-01, 5.54568740e-03, -7.78468907e-01, -6.27658665e-01,
       2.44646057e-01, 0., 0., 0., 1. ]
Flag 1: 1
TRANSFORM 1:
   rows: 4
   cols: 4
   dt: f
   data: [ 6.09232068e-01, 5.01174331e-01, -6.14540935e-01,
       4.68823820e-01, 7.92951584e-01, -3.77198577e-01, 4.78486121e-01,
       -7.79687390e-02, 8.00100807e-03, -7.78810322e-01, -6.27208471e-01,
       2.44589195e-01, 0., 0., 0., 1. ]
Flag 2: 1
TRANSFORM 2:
   rows: 4
   cols: 4
   dt: f
   data: [ 3.10746044e-01, 5.98734140e-01, -7.38210380e-01,
       5.25425315e-01, 9.50446784e-01, -1.88067034e-01, 2.47551948e-01,
       2.96568312e-02, 9.38478485e-03, -7.78555334e-01, -6.27505898e-01,
       2.44845510e-01, 0., 0., 0., 1. ]
Flag 3: 1
TRANSFORM 3:
   rows: 4
   cols: 4
   dt: f
   data: [ -3.89479212e-02, 6.26323581e-01, -7.78589666e-01,
       5.42845309e-01, 9.99193370e-01, 3.20384614e-02, -2.42105201e-02,
       1.56059042e-01, 9.78119578e-03, -7.78904557e-01, -6.27066195e-01,
       2.44620889e-01, 0., 0., 0., 1. ]
Flag 4: 1
TRANSFORM 4:
   rows: 4
   cols: 4
   dt: f
   data: [ -3.81534159e-01, 5.77846766e-01, -7.21474111e-01,
       5.15445948e-01, 9.24292386e-01, 2.47567832e-01, -2.90506363e-01,
       2.79594213e-01, 1.07456399e-02, -7.77691126e-01, -6.28554821e-01,
       2.45419085e-01, 0., 0., 0., 1. ]
Flag 5: 1
TRANSFORM 5:
   rows: 4
   cols: 4
   dt: f
   data: [ -6.64606035e-01, 4.65091407e-01, -5.84798157e-01,
       4.51187611e-01, 7.47115612e-01, 4.24978226e-01, -5.11088789e-01,
       3.81572396e-01, 1.08234677e-02, -7.76584566e-01, -6.29920125e-01,
       2.46068329e-01, 0., 0., 0., 1. ]
Flag 6: 1
TRANSFORM 6:
   rows: 4
   cols: 4
   dt: f
   data: [ -8.79740059e-01, 2.92932212e-01, -3.74497145e-01,
       3.52786481e-01, 4.75341141e-01, 5.59120417e-01, -6.79290175e-01,
       4.58871096e-01, 1.04030073e-02, -7.75612652e-01, -6.31123364e-01,
       2.46525347e-01, 0., 0., 0., 9.99999940e-01 ]
Flag 7: 1
TRANSFORM 7:
   rows: 4
   cols: 4
   dt: f
   data: [ -9.91369367e-01, 7.55159408e-02, -1.07163988e-01,
       2.28245765e-01, 1.30780026e-01, 6.26596749e-01, -7.68292367e-01,
       4.99046981e-01, 9.13027488e-03, -7.75676429e-01, -6.31064713e-01,
       2.46438593e-01, 0., 0., 0., 1. ]
Flag 8: 1
TRANSFORM 8:
   rows: 4
   cols: 4
   dt: f
   data: [ -9.79308188e-01, -1.33813366e-01, 1.51820496e-01,
       1.08060420e-01, -2.02217117e-01, 6.17440701e-01, -7.60181069e-01,
       4.94509012e-01, 7.98225217e-03, -7.75152206e-01, -6.31724060e-01,
       2.46853799e-01, 0., 0., 0., 1. ]
Flag 9: 1
TRANSFORM 9:
   rows: 4
   cols: 4
   dt: f
   data: [ -8.46051693e-01, -3.41441244e-01, 4.09407794e-01,
       -1.10667981e-02, -5.33041716e-01, 5.30350804e-01, -6.59237981e-01,
       4.46351051e-01, 7.96127506e-03, -7.75980711e-01, -6.30706549e-01,
       2.46195033e-01, 0., 0., 0., 1.00000012e+00 ]
Flag 10: 1
TRANSFORM 10:
   rows: 4
   cols: 4
   dt: f
   data: [ -6.19918287e-01, -4.99324590e-01, 6.05290234e-01,
       -1.01383954e-01, -7.84627497e-01, 3.86793256e-01, -4.84510660e-01,
       3.64599288e-01, 7.80589972e-03, -7.75284410e-01, -6.31564021e-01,
       2.46609062e-01, 0., 0., 0., 9.99999940e-01 ]
Flag 11: 1
TRANSFORM 11:
   rows: 4
   cols: 4
   dt: f
   data: [ -2.98870206e-01, -6.04879797e-01, 7.38103688e-01,
       -1.62337005e-01, -9.54267025e-01, 1.83641747e-01, -2.35902905e-01,
       2.48856798e-01, 7.14626210e-03, -7.74852335e-01, -6.32101893e-01,
       2.47062758e-01, 0., 0., 0., 1. ]
Flag 12: 1
TRANSFORM 12:
   rows: 4
   cols: 4
   dt: f
   data: [ 4.34360020e-02, -6.31455362e-01, 7.74194777e-01,
       -1.78091049e-01, -9.99038279e-01, -3.20915505e-02, 2.98760105e-02,
       1.25209227e-01, 5.97974332e-03, -7.74747908e-01, -6.32241964e-01,
       2.47077584e-01, 0., 0., 0., 1. ]
Flag 13: 1
TRANSFORM 13:
   rows: 4
   cols: 4
   dt: f
   data: [ 3.81268829e-01, -5.83489180e-01, 7.17059553e-01,
       -1.50958359e-01, -9.24445868e-01, -2.45529547e-01, 2.91744977e-01,
       3.44261457e-03, 5.82923368e-03, -7.74115980e-01, -6.33016944e-01,
       2.47737169e-01, 0., 0., 0., 1. ]
Flag 14: 1
TRANSFORM 14:
   rows: 4
   cols: 4
   dt: f
   data: [ 6.72916949e-01, -4.65058208e-01, 5.75242102e-01,
       -8.39437991e-02, -7.39699244e-01, -4.28582758e-01, 5.18808007e-01,
       -1.01588249e-01, 5.26293926e-03, -7.74620831e-01, -6.32403910e-01,
       2.47313887e-01, 0., 0., 0., 9.99999881e-01 ]
Flag 15: 1
TRANSFORM 15:
   rows: 4
   cols: 4
   dt: f
   data: [ 8.86453807e-01, -2.88872212e-01, 3.61597091e-01,
       1.62374750e-02, -4.62787628e-01, -5.62062919e-01, 6.85501873e-01,
       -1.78218096e-01, 5.21786045e-03, -7.75008440e-01, -6.31929278e-01,
       2.46956050e-01, 0., 0., 0., 1. ]
Flag 16: 1
TRANSFORM 16:
   rows: 4
   cols: 4
   dt: f
   data: [ 9.91036713e-01, -8.09293762e-02, 1.06285550e-01,
       1.35336310e-01, -1.33521840e-01, -6.25411987e-01, 7.68785894e-01,
       -2.15632290e-01, 4.25489945e-03, -7.76086509e-01, -6.30612075e-01,
       2.46166870e-01, 0., 0., 0., 1. ]
Flag 17: 1
TRANSFORM 17:
   rows: 4
   cols: 4
   dt: f
   data: [ 9.76329148e-01, 1.39380559e-01, -1.65391430e-01,
       2.61457860e-01, 2.16243863e-01, -6.13271773e-01, 7.59694815e-01,
       -2.10227758e-01, 4.45679110e-03, -7.77477145e-01, -6.28895402e-01,
       2.45351717e-01, 0., 0., 0., 9.99999940e-01 ]
