Flag 0: 1
TRANSFORM 0: !!opencv-matrix
   rows: 4
   cols: 4
   dt: f
   data: [ 1.84715390e-02, 8.16439033e-01, 5.77135980e-01,
       -2.26099432e-01, 9.62409437e-01, 1.41923085e-01, -2.31572390e-01,
       2.78377473e-01, -2.70973682e-01, 5.59718668e-01, -7.83127129e-01,
       -1.11869030e-01, 0., 0., 0., 1. ]
Flag 1: 1
TRANSFORM 1: !!opencv-matrix
   rows: 4
   cols: 4
   dt: f
   data: [ 2.01743171e-02, 8.17998171e-01, 5.74866951e-01,
       -2.25446761e-01, 8.99127483e-01, 2.36602619e-01, -3.68223995e-01,
       3.22030365e-01, -4.37221557e-01, 5.24307311e-01, -7.30711341e-01,
       -1.31643146e-01, 0., 0., 0., 1. ]
Flag 2: 1
TRANSFORM 2: !!opencv-matrix
   rows: 4
   cols: 4
   dt: f
   data: [ 1.80785507e-02, 8.18884969e-01, 5.73672950e-01,
       -2.24886581e-01, 8.10337901e-01, 3.24100375e-01, -4.88171369e-01,
       3.59497488e-01, -5.85683823e-01, 4.73694324e-01, -6.57714248e-01,
       -1.58009946e-01, 0., 0., 0., 1. ]
Flag 3: 1
TRANSFORM 3: !!opencv-matrix
   rows: 4
   cols: 4
   dt: f
   data: [ 1.74955018e-02, 8.20228815e-01, 5.71767986e-01,
       -2.24386469e-01, 6.95056975e-01, 4.01102006e-01, -5.96668243e-01,
       3.92947972e-01, -7.18741775e-01, 4.07850266e-01, -5.63088238e-01,
       -1.90934867e-01, 0., 0., 0., 1. ]
Flag 4: 1
TRANSFORM 4: !!opencv-matrix
   rows: 4
   cols: 4
   dt: f
   data: [ 1.49366092e-02, 8.20816696e-01, 5.70996404e-01,
       -2.23996893e-01, 5.62826216e-01, 4.65097785e-01, -6.83308661e-01,
       4.19002891e-01, -8.26440215e-01, 3.31578046e-01, -4.55030173e-01,
       -2.27781355e-01, 0., 0., 0., 1. ]
Flag 5: 1
TRANSFORM 5: !!opencv-matrix
   rows: 4
   cols: 4
   dt: f
   data: [ 1.27175152e-02, 8.22518706e-01, 5.68595886e-01,
       -2.23692775e-01, 4.10487503e-01, 5.14222145e-01, -7.53044128e-01,
       4.39346313e-01, -9.11777496e-01, 2.42978349e-01, -3.31093997e-01,
       -2.69392908e-01, 0., 0., 0., 1. ]
Flag 6: 1
TRANSFORM 6: !!opencv-matrix
   rows: 4
   cols: 4
   dt: f
   data: [ 1.08298901e-02, 8.23023319e-01, 5.67904294e-01,
       -2.23504290e-01, 2.46130705e-01, 5.48269808e-01, -7.99262047e-01,
       4.51951712e-01, -9.69176114e-01, 1.48434624e-01, -1.96633592e-01,
       -3.14024687e-01, 0., 0., 0., 1. ]
Flag 7: 1
TRANSFORM 7: !!opencv-matrix
   rows: 4
   cols: 4
   dt: f
   data: [ 8.86775274e-03, 8.24176610e-01, 5.66263616e-01,
       -2.23434314e-01, 7.45920688e-02, 5.64162850e-01, -8.22287202e-01,
       4.56634879e-01, -9.97174740e-01, 4.95306067e-02, -5.64741679e-02,
       -3.60205591e-01, 0., 0., 0., 1. ]
Flag 8: 1
TRANSFORM 8: !!opencv-matrix
   rows: 4
   cols: 4
   dt: f
   data: [ 5.00193611e-03, 8.24160516e-01, 5.66334188e-01,
       -2.23484069e-01, -9.83521864e-02, 5.64000905e-01, -8.19896281e-01,
       4.53305483e-01, -9.95139062e-01, -5.15991300e-02, 8.38790908e-02,
       -4.05835986e-01, 0., 0., 0., 1. ]
Flag 9: 1
TRANSFORM 9: !!opencv-matrix
   rows: 4
   cols: 4
   dt: f
   data: [ 1.97193818e-03, 8.23903203e-01, 5.66727281e-01,
       -2.23651454e-01, -2.67830342e-01, 5.46458721e-01, -7.93504834e-01,
       4.42110866e-01, -9.63464081e-01, -1.50222003e-01, 2.21743822e-01,
       -4.50336576e-01, 0., 0., 0., 1. ]
Flag 10: 1
TRANSFORM 10: !!opencv-matrix
   rows: 4
   cols: 4
   dt: f
   data: [ -3.43956053e-04, 8.22342873e-01, 5.68992138e-01,
       -2.23936364e-01, -4.30269241e-01, 5.13507783e-01, -7.42413580e-01,
       4.23051447e-01, -9.02700365e-01, -2.45075211e-01, 3.53652269e-01,
       -4.92492199e-01, 0., 0., 0., 1. ]
Flag 11: 1
TRANSFORM 11: !!opencv-matrix
   rows: 4
   cols: 4
   dt: f
   data: [ -1.87467923e-03, 8.21116507e-01, 5.70757568e-01,
       -2.24327073e-01, -5.81344128e-01, 4.63506818e-01, -6.68730319e-01,
       3.96916747e-01, -8.13655555e-01, -3.33060235e-01, 4.76482332e-01,
       -5.31352818e-01, 0., 0., 0., 1. ]
Flag 12: 1
TRANSFORM 12: !!opencv-matrix
   rows: 4
   cols: 4
   dt: f
   data: [ -4.10674093e-03, 8.20320010e-01, 5.71890116e-01,
       -2.24809706e-01, -7.14003444e-01, 3.97998899e-01, -5.76017380e-01,
       3.64636600e-01, -7.00130105e-01, -4.10697073e-01, 5.84076822e-01,
       -5.64806104e-01, 0., 0., 0., 1. ]
Flag 13: 1
TRANSFORM 13: !!opencv-matrix
   rows: 4
   cols: 4
   dt: f
   data: [ -5.78836817e-03, 8.16777766e-01, 5.76923430e-01,
       -2.25383088e-01, -8.25341702e-01, 3.21841925e-01, -4.63927656e-01,
       3.26282322e-01, -5.64603925e-01, -4.78844345e-01, 6.72257721e-01,
       -5.91531515e-01, 0., 0., 0., 1. ]
Flag 14: 1
TRANSFORM 14: !!opencv-matrix
   rows: 4
   cols: 4
   dt: f
   data: [ -4.72586136e-03, 8.16973448e-01, 5.76656044e-01,
       -2.26016998e-01, -9.11464274e-01, 2.33694851e-01, -3.38555187e-01,
       2.83885181e-01, -4.11352158e-01, -5.27201355e-01, 7.43537545e-01,
       -6.12568498e-01, 0., 0., 0., 1. ]
Flag 15: 1
TRANSFORM 15: !!opencv-matrix
   rows: 4
   cols: 4
   dt: f
   data: [ -5.71127422e-03, 8.16135883e-01, 5.77831745e-01,
       -2.26688176e-01, -9.69227314e-01, 1.37691796e-01, -2.04057217e-01,
       2.38997295e-01, -2.46101111e-01, -5.61215699e-01, 7.90234804e-01,
       -6.25182927e-01, 0., 0., 0., 1. ]
Flag 16: 1
TRANSFORM 16: !!opencv-matrix
   rows: 4
   cols: 4
   dt: f
   data: [ -4.80030943e-03, 8.14967096e-01, 5.79487503e-01,
       -2.27388039e-01, -9.97297823e-01, 3.85797210e-02, -6.25182241e-02,
       1.92188069e-01, -7.33067617e-02, -5.78221738e-01, 8.12579632e-01,
       -6.29791796e-01, 0., 0., 0., 1. ]
Flag 17: 1
TRANSFORM 17: !!opencv-matrix
   rows: 4
   cols: 4
   dt: f
   data: [ -4.46918653e-03, 8.14722002e-01, 5.79834521e-01,
       -2.28090122e-01, -9.94675100e-01, -6.33245930e-02, 8.13103616e-02,
       1.45234734e-01, 1.02963112e-01, -5.76383591e-01, 8.10666680e-01,
       -6.26399457e-01, 0., 0., 0., 1. ]
Flag 18: 1
TRANSFORM 18: !!opencv-matrix
   rows: 4
   cols: 4
   dt: f
   data: [ -4.03467286e-03, 8.12596798e-01, 5.82812369e-01,
       -2.28758559e-01, -9.61952746e-01, -1.62372723e-01, 2.19731778e-01,
       1.00527018e-01, 2.73186147e-01, -5.59751332e-01, 7.82334805e-01,
       -6.14390016e-01, 0., 0., 0., 1. ]
Flag 19: 1
TRANSFORM 19: !!opencv-matrix
   rows: 4
   cols: 4
   dt: f
   data: [ -1.23026734e-03, 8.11235487e-01, 5.84718287e-01,
       -2.29399920e-01, -8.99427354e-01, -2.56459951e-01, 3.53918970e-01,
       5.76314554e-02, 4.37068433e-01, -5.25476217e-01, 7.29962945e-01,
       -5.94373584e-01, 0., 0., 0., 1. ]
Flag 20: 1
TRANSFORM 20: !!opencv-matrix
   rows: 4
   cols: 4
   dt: f
   data: [ -1.54578115e-03, 8.10177743e-01, 5.86182237e-01,
       -2.29961202e-01, -8.10322821e-01, -3.44507635e-01, 4.74016190e-01,
       2.00932194e-02, 5.85981607e-01, -4.74264115e-01, 6.57038093e-01,
       -5.68070889e-01, 0., 0., 0., 1. ]
Flag 21: 1
TRANSFORM 21: !!opencv-matrix
   rows: 4
   cols: 4
   dt: f
   data: [ 2.27196724e-04, 8.08086693e-01, 5.89063823e-01,
       -2.30448753e-01, -6.96498275e-01, -4.22559917e-01, 5.79942584e-01,
       -1.25183100e-02, 7.17558503e-01, -4.10413682e-01, 5.62734783e-01,
       -5.35015404e-01, 0., 0., 0., 1. ]
Flag 22: 1
TRANSFORM 22: !!opencv-matrix
   rows: 4
   cols: 4
   dt: f
   data: [ 7.53365806e-04, 8.07034314e-01, 5.90504169e-01,
       -2.30842769e-01, -5.62033355e-01, -4.88072842e-01, 6.67759955e-01,
       -3.88716683e-02, 8.27114165e-01, -3.32386047e-01, 4.53212559e-01,
       -4.97583508e-01, 0., 0., 0., 1. ]
Flag 23: 1
TRANSFORM 23: !!opencv-matrix
   rows: 4
   cols: 4
   dt: f
   data: [ 3.29903583e-03, 8.06164801e-01, 5.91682196e-01,
       -2.31139988e-01, -4.09317642e-01, -5.38759649e-01, 7.36340404e-01,
       -5.87505475e-02, 9.12386000e-01, -2.44615108e-01, 3.28200012e-01,
       -4.55526948e-01, 0., 0., 0., 1. ]
Flag 24: 1
TRANSFORM 24: !!opencv-matrix
   rows: 4
   cols: 4
   dt: f
   data: [ 6.83135912e-03, 8.04748416e-01, 5.93576789e-01,
       -2.31318533e-01, -2.43573055e-01, -5.74373245e-01, 7.81516194e-01,
       -7.06921592e-02, 9.69858468e-01, -1.49918124e-01, 1.92091271e-01,
       -4.10237134e-01, 0., 0., 0., 1. ]
Flag 25: 1
TRANSFORM 25: !!opencv-matrix
