TRANSFORM
1
0.846805981183 0.337500798847 -0.41111171354 0.375003745388
0.531872988181 -0.52922512279 0.661083878076 -0.163252312469
0.00554568987677 -0.778468997575 -0.627658557767 0.246503883642
0.0 0.0 0.0 1.0

TRANSFORM
1
0.609231841512 0.501174574854 -0.614540974068 0.4685438429
0.792951793718 -0.377198519477 0.478485872043 -0.077770891793
0.00800100791858 -0.778810196662 -0.627208626733 0.246879481867
0.0 0.0 0.0 1.0

TRANSFORM
1
0.310745898942 0.598734180771 -0.738210245843 0.525137260694
0.950446690905 -0.188066964785 0.247551821856 0.0297415581933
0.00938477694797 -0.778555198771 -0.627505958879 0.247153803548
0.0 0.0 0.0 1.0

TRANSFORM
1
-0.0389479143711 0.626323619308 -0.778589611967 0.542623609214
0.999193368684 0.0320384656839 -0.024210507936 0.156048792121
0.00978120360908 -0.778904525994 -0.627066238481 0.247317109095
0.0 0.0 0.0 1.0

TRANSFORM
1
-0.381534121645 0.577846929182 -0.721473936089 0.515454720218
0.924292294692 0.247567873776 -0.290506285382 0.279604369064
0.010745603426 -0.777690860374 -0.628555055423 0.247333218314
0.0 0.0 0.0 1.0

TRANSFORM
1
-0.664605800338 0.46509110383 -0.584798593787 0.451336059942
0.74711577555 0.424977788029 -0.511088933167 0.381716566559
0.0108234967484 -0.776584924409 -0.629919603678 0.247211358383
0.0 0.0 0.0 1.0

TRANSFORM
1
-0.879740107201 0.292931985962 -0.374497256843 0.352984854724
0.475341057923 0.559120058953 -0.679290540439 0.459256592419
0.0104030012677 -0.775613055123 -0.631122940708 0.246957704783
0.0 0.0 0.0 1.0

TRANSFORM
1
-0.99136936463 0.0755160122042 -0.107163962103 0.228273006196
0.130780048101 0.626597077965 -0.768292054433 0.499275409468
0.00913027335816 -0.775676113972 -0.63106513477 0.246586870184
0.0 0.0 0.0 1.0

TRANSFORM
1
-0.979308200627 -0.13381337908 0.151820379936 0.108066106192
-0.202217041427 0.617440944123 -0.760180865766 0.494505713526
0.00798225163529 -0.775152023864 -0.631724325603 0.246192859564
0.0 0.0 0.0 1.0

TRANSFORM
1
-0.846051516716 -0.341441158426 0.409407824053 -0.0109105444898
-0.533041695514 0.530350657147 -0.659237992918 0.446120099932
0.00796127545232 -0.775980744475 -0.630706351876 0.245766038254
0.0 0.0 0.0 1.0

TRANSFORM
1
-0.619918375693 -0.49932477806 0.605289991239 -0.101232498221
-0.784627475513 0.386793504466 -0.484510587679 0.364493377489
0.00780590473066 -0.775284174299 -0.631564341087 0.245404133116
0.0 0.0 0.0 1.0

TRANSFORM
1
-0.298870021934 -0.604880146549 0.738103460431 -0.162073383183
-0.954267070033 0.183641721934 -0.235902685478 0.248783074437
0.00714626052446 -0.77485206735 -0.632102210631 0.245109114283
0.0 0.0 0.0 1.0

TRANSFORM
1
0.0434360137077 -0.631455080987 0.774194932436 -0.178004893822
-0.999038315281 -0.0320915471497 0.0298760305495 0.125213700015
0.00597974188712 -0.774748096673 -0.632241749167 0.244953163216
0.0 0.0 0.0 1.0

TRANSFORM
1
0.381268916655 -0.583489182015 0.717059542621 -0.150883998486
-0.924445797916 -0.245529579034 0.291745081423 0.00346605716424
0.00582922872573 -0.774116012165 -0.633016919049 0.24493842378
0.0 0.0 0.0 1.0

TRANSFORM
1
0.672917135247 -0.465058127776 0.575242094149 -0.084005775189
-0.739699148669 -0.428582847846 0.518808164922 -0.101659639769
0.00526294105778 -0.774620991403 -0.632403843386 0.245066693821
0.0 0.0 0.0 1.0

TRANSFORM
1
0.886453710518 -0.288872452954 0.361597186151 0.0160984577571
-0.462787848871 -0.562063031419 0.685501681726 -0.178508150728
0.00521785829605 -0.775008293269 -0.631929520848 0.245326618235
0.0 0.0 0.0 1.0

TRANSFORM
1
0.991036720514 -0.0809294270524 0.106285683087 0.135291259327
-0.133521962345 -0.625411751661 0.768786073271 -0.215999369168
0.00425489880006 -0.776086701807 -0.630611867249 0.245681680166
0.0 0.0 0.0 1.0

TRANSFORM
1
0.976329172442 0.139380729537 -0.165391533254 0.261461643758
0.216244038194 -0.613272029412 0.759694631998 -0.210270222272
0.00445679078717 -0.777476964401 -0.628895624759 0.24609584762
0.0 0.0 0.0 1.0

